100 760 20

200

0 52 48 1
0 26 43 9
0 98 22 10
0 85 30 3
0 13 27 8
0 66 37 1
1 55 27 4
1 82 36 7
1 18 42 8
1 90 49 6
1 15 34 5
1 10 50 5
1 62 24 6
1 3 17 8
1 19 4 6
1 75 48 10
1 39 28 9
1 31 32 1
1 35 3 1
1 97 12 5
1 89 24 3
1 67 29 2
2 78 28 10
2 88 33 5
2 85 2 10
2 35 27 4
2 69 45 10
2 67 24 1
2 77 31 7
2 96 2 7
2 95 34 9
3 21 33 8
3 7 49 9
3 19 30 3
3 22 11 10
3 47 10 5
3 54 4 7
3 93 29 6
3 24 36 7
3 59 48 2
3 96 6 4
3 81 26 4
3 48 27 10
3 99 46 4
3 10 45 9
4 54 3 9
4 79 17 10
4 57 9 3
4 29 39 4
4 59 42 5
4 28 35 7
4 36 39 2
4 37 28 5
4 17 5 10
4 22 19 2
4 0 24 9
4 65 20 5
4 53 27 8
4 35 44 3
4 69 42 5
4 19 24 4
4 38 23 9
5 71 7 10
5 52 16 1
5 44 31 1
5 12 32 2
5 91 17 9
5 42 32 7
5 47 6 5
5 66 3 10
5 97 3 4
5 49 9 5
5 45 51 7
5 62 9 5
6 97 47 3
6 19 46 10
6 53 44 2
6 45 34 3
6 90 24 4
6 76 46 10
6 75 20 8
6 93 41 6
6 15 48 10
6 95 41 2
6 41 24 5
6 28 21 7
6 54 17 9
6 62 45 10
6 35 50 1
6 46 32 10
7 24 2 8
7 23 31 4
7 77 15 10
7 63 6 7
7 4 33 7
7 5 19 5
8 31 2 3
8 75 15 6
8 62 22 1
8 76 31 2
8 92 5 10
8 15 13 3
8 47 2 9
8 6 17 6
8 60 18 8
8 86 8 9
8 58 10 8
8 64 35 4
8 73 49 4
9 89 49 4
9 77 6 3
9 44 30 10
9 95 5 1
9 91 32 1
9 94 18 3
9 29 9 3
9 64 39 6
9 43 51 5
9 31 36 10
10 57 25 9
10 7 2 1
10 26 36 8
10 83 22 9
10 17 38 7
10 39 51 1
10 98 21 8
10 68 32 7
10 77 9 2
10 58 48 5
10 95 39 10
10 79 16 10
11 84 36 2
11 30 27 9
11 73 39 7
11 1 29 3
11 69 11 4
11 20 6 6
11 54 46 7
11 50 48 8
12 26 28 4
12 65 49 7
12 73 12 7
12 83 26 6
12 81 44 4
12 17 46 4
12 27 28 10
13 7 47 4
13 27 13 7
13 72 12 2
13 41 30 6
13 6 39 8
13 20 12 3
13 80 27 2
13 40 7 7
13 8 8 3
13 68 7 9
13 60 14 10
13 95 3 5
13 57 9 3
13 96 22 4
13 21 16 1
13 73 24 3
14 11 10 2
14 28 45 9
14 29 4 2
14 46 29 4
14 30 25 2
14 2 41 6
14 9 41 7
14 57 23 9
14 20 44 9
14 60 32 5
14 63 32 6
14 76 28 7
14 27 30 2
14 75 10 6
14 62 20 1
15 14 7 5
15 85 7 10
15 63 44 4
15 78 21 5
15 94 3 8
15 88 4 3
15 43 35 10
15 87 34 5
15 31 22 5
15 30 16 5
16 40 45 2
16 50 25 8
16 17 18 5
16 3 27 4
16 1 5 5
16 58 33 8
16 55 36 9
16 39 12 3
16 91 5 7
16 8 47 3
16 31 7 7
16 94 11 6
17 20 23 1
17 61 14 5
17 33 6 2
17 97 18 3
17 53 34 6
17 30 30 6
17 88 14 7
17 3 29 5
17 51 7 8
17 9 47 6
17 58 38 1
18 46 31 1
18 31 34 3
18 5 30 6
18 43 13 2
18 57 41 8
18 53 32 2
18 25 38 2
18 74 6 3
18 92 38 5
18 79 30 10
18 17 5 8
19 73 43 6
19 76 15 8
19 70 17 2
19 59 13 4
19 92 40 2
19 13 2 4
19 52 6 8
19 60 33 10
19 10 18 5
19 41 12 6
19 12 22 9
19 45 24 9
19 93 51 9
20 25 28 8
20 39 47 8
20 56 28 6
20 46 29 2
20 1 47 5
20 74 23 6
20 42 37 10
20 37 29 6
20 68 26 5
20 73 41 7
20 91 9 10
20 84 16 1
20 3 35 4
21 74 24 8
21 41 34 8
21 19 4 10
21 9 5 5
21 29 33 7
21 93 28 4
21 50 29 10
21 52 49 5
21 1 6 3
21 99 27 8
21 95 5 9
21 46 37 3
21 26 42 8
21 91 37 4
21 23 39 10
22 74 4 9
22 94 11 10
22 98 12 7
22 18 45 9
22 82 6 3
22 91 45 9
22 95 42 6
22 12 29 4
22 69 18 7
22 31 21 9
22 8 6 8
22 42 41 7
22 57 34 6
22 54 8 5
22 96 10 5
23 52 37 2
23 12 4 7
23 17 40 5
23 8 45 10
23 51 36 1
23 70 46 9
23 94 40 6
23 58 14 3
23 96 17 3
24 14 16 4
24 57 3 3
24 13 43 10
24 10 16 6
24 98 28 10
24 16 20 9
24 83 24 2
24 11 50 9
24 34 34 6
24 26 32 3
25 38 8 2
25 87 21 1
25 70 44 1
25 72 47 2
25 40 27 2
25 34 50 9
25 46 10 4
25 29 25 1
25 9 32 9
25 64 17 9
25 36 36 8
25 88 13 10
25 90 31 4
25 60 21 1
26 25 3 6
26 45 48 6
26 69 41 2
26 63 35 4
27 36 2 2
27 88 44 7
27 77 50 5
27 19 49 10
27 78 39 1
27 25 22 3
27 39 28 1
27 94 51 8
27 22 12 2
27 99 12 8
28 10 39 1
28 89 6 5
28 26 9 2
28 75 51 7
28 19 21 1
28 5 46 8
28 21 15 3
29 26 20 6
29 12 31 2
29 83 35 4
29 62 43 1
29 86 26 7
29 50 37 9
30 32 40 3
30 2 31 5
30 54 43 5
30 31 14 6
30 59 5 5
30 18 9 2
30 94 28 1
30 7 13 8
30 67 16 3
31 7 13 4
31 34 5 8
31 46 26 7
32 38 35 1
32 37 29 4
32 6 5 1
32 8 5 7
32 10 19 2
32 16 27 6
32 99 21 2
32 77 45 8
32 88 8 1
33 14 29 9
33 87 10 8
33 76 28 8
33 40 33 9
33 11 8 6
33 15 45 1
33 28 13 10
33 98 37 2
33 59 16 10
33 62 21 10
33 13 3 8
33 43 41 4
34 11 43 1
34 55 10 9
34 35 2 6
34 50 11 1
34 7 48 8
35 29 6 10
35 97 2 7
36 89 13 3
36 64 49 2
36 5 4 4
36 14 21 8
36 85 34 7
36 53 20 10
36 67 50 10
37 54 24 8
37 41 14 7
37 29 43 9
37 36 16 3
37 38 7 4
37 61 48 8
37 1 15 4
38 9 30 10
38 51 38 1
38 88 50 4
38 56 46 4
38 63 21 5
38 14 26 5
38 55 11 4
39 18 45 1
39 80 44 3
39 45 4 4
39 60 34 10
39 69 28 1
39 70 13 3
39 42 34 2
39 86 7 8
39 38 36 9
40 91 12 3
40 3 6 7
40 94 10 7
40 89 2 1
40 61 23 8
40 53 20 1
40 60 33 2
40 37 42 1
41 94 17 8
41 18 5 10
41 27 27 4
41 77 3 9
41 98 4 8
41 28 18 5
42 15 23 1
42 92 20 10
42 68 9 9
42 55 35 6
42 29 8 3
42 9 27 9
42 51 18 2
42 60 17 1
42 54 37 8
42 62 5 7
42 67 51 9
42 89 9 10
43 47 15 2
43 87 24 4
43 7 15 8
43 13 29 4
44 1 41 10
44 21 38 10
44 80 48 5
44 27 51 8
44 14 49 8
44 97 21 5
44 24 16 10
44 7 32 1
45 47 29 10
45 3 32 2
45 97 5 9
45 1 45 10
45 90 26 1
46 92 4 8
46 51 38 8
46 13 50 5
46 10 28 3
47 51 20 2
47 30 50 7
47 74 30 10
48 37 50 6
48 33 35 6
48 13 21 2
48 42 43 3
48 99 35 4
48 53 43 7
48 75 22 10
48 6 16 6
49 12 28 6
49 87 7 4
49 53 49 4
49 7 6 3
49 18 47 9
49 85 51 1
49 66 27 6
49 81 44 2
50 61 23 7
50 52 46 4
50 33 38 9
50 22 16 8
50 88 31 8
50 23 43 2
50 13 31 1
50 65 2 9
50 58 24 10
50 45 35 9
50 17 21 5
50 35 15 5
51 27 21 7
51 69 33 7
51 92 18 8
51 31 34 3
51 68 34 5
51 76 50 10
51 75 19 5
51 78 10 10
51 22 40 1
51 70 27 1
52 35 24 6
52 96 26 6
52 54 42 5
52 2 26 4
52 37 32 6
52 63 39 9
52 98 35 10
52 49 40 3
52 91 17 8
53 23 6 10
53 80 16 2
53 50 37 3
53 29 33 1
53 14 43 6
53 30 51 9
53 22 50 4
53 66 7 5
55 26 25 7
55 86 34 1
55 78 5 10
55 18 41 7
55 19 13 4
55 10 17 3
55 44 43 7
55 9 10 7
55 40 31 9
55 35 48 3
56 14 34 6
56 46 23 5
56 51 22 8
56 73 10 5
56 53 23 6
56 86 47 6
56 97 6 2
56 96 21 2
56 16 10 1
56 95 43 4
56 59 3 9
56 26 35 4
56 2 49 2
57 88 26 4
57 37 30 7
57 8 25 5
57 34 42 10
57 59 32 5
58 68 4 7
58 60 42 1
60 72 20 1
61 44 40 2
61 78 26 7
61 27 3 10
61 89 4 9
61 93 33 2
61 11 46 1
61 54 11 6
61 77 14 5
61 15 36 5
62 91 3 7
62 67 39 6
62 31 11 9
62 83 15 6
62 96 36 9
62 44 22 1
62 68 39 3
62 61 22 2
62 69 51 10
63 75 23 6
63 50 24 3
63 27 16 10
63 61 27 4
63 21 43 7
63 48 50 4
63 57 5 4
63 1 16 8
63 94 27 5
64 65 27 8
64 90 9 3
64 53 7 8
64 39 12 6
64 6 51 5
64 97 49 7
64 70 38 1
64 98 44 2
64 31 15 4
64 55 42 9
64 54 29 9
64 57 47 10
64 28 2 2
65 90 40 1
65 52 19 10
65 47 34 6
65 0 23 1
65 59 22 2
65 63 43 10
65 70 5 7
65 30 37 4
65 51 28 6
65 32 34 9
66 7 46 3
66 82 28 7
66 79 46 2
66 78 34 7
66 62 2 1
66 55 46 9
66 97 41 7
66 46 30 1
67 85 7 8
68 0 49 6
69 42 44 10
69 34 37 4
69 53 44 6
69 7 28 7
69 77 48 10
69 96 30 4
70 84 39 8
70 34 40 1
70 50 46 6
70 17 7 3
70 99 14 7
70 18 50 5
70 87 14 3
71 80 5 7
71 69 40 2
71 99 47 2
71 12 48 5
71 84 32 6
71 39 24 7
71 45 19 9
71 61 14 3
71 30 42 8
71 53 44 1
71 76 18 3
71 50 27 1
71 63 36 4
71 89 37 6
71 73 33 3
72 48 37 10
72 39 50 5
72 97 2 4
72 3 44 2
72 86 5 7
72 40 16 1
72 31 29 2
72 57 37 4
72 18 31 10
72 88 51 5
72 19 33 2
72 76 41 7
72 83 22 10
72 66 21 7
73 38 38 10
73 10 19 2
73 15 43 7
73 55 22 10
74 10 9 9
74 46 23 6
74 34 46 4
74 44 34 5
74 6 11 5
74 70 3 6
74 0 50 3
74 61 46 7
74 93 48 6
74 86 51 7
75 90 24 6
75 46 32 9
75 30 23 6
76 79 7 6
77 0 15 1
77 66 25 10
77 84 9 7
78 54 7 5
78 22 49 10
78 18 16 7
78 67 32 9
78 10 40 1
79 12 13 4
79 16 25 2
80 66 39 3
80 27 23 10
80 95 3 9
80 99 2 6
80 61 37 4
80 17 4 8
80 58 38 7
80 6 15 7
80 34 50 4
81 58 8 9
81 1 25 10
81 5 48 5
82 43 40 8
82 15 26 1
82 78 18 8
82 8 43 2
82 68 15 9
82 7 16 9
82 17 4 9
82 77 12 5
82 45 3 2
82 55 38 8
82 59 37 8
82 12 34 2
82 46 29 5
82 89 25 3
83 41 43 10
83 19 41 8
83 38 22 9
83 66 38 9
83 53 18 3
83 9 32 2
83 88 32 7
83 49 46 5
83 32 48 4
83 18 47 9
84 95 44 7
84 79 45 1
84 27 11 5
84 92 20 9
85 11 41 6
85 89 24 8
85 93 45 3
85 86 39 5
85 84 31 7
85 74 16 9
85 44 40 9
85 8 37 2
85 88 45 5
86 96 31 6
86 7 35 10
86 38 37 7
86 98 6 3
87 79 3 4
87 62 35 4
87 80 8 8
87 35 41 1
89 75 25 3
89 16 28 10
89 12 29 3
89 84 19 8
89 3 44 8
89 69 20 9
89 78 44 2
90 42 29 7
91 53 7 6
91 81 2 10
91 45 28 4
91 93 12 9
91 44 2 6
92 64 49 3
92 81 22 3
92 37 28 10
92 32 30 1
92 11 43 8
92 43 33 10
92 61 41 9
92 85 50 8
95 89 15 6
95 75 24 9
96 97 32 3
96 51 47 1
98 20 7 8
98 93 5 9
98 54 41 3
98 50 32 6
98 65 32 9

0 94 1
1 50 125
2 6 561
3 70 8
4 45 61
5 81 42
6 21 34
7 49 131
8 28 74
9 34 45
10 4 245
11 23 238
12 35 3
13 16 172
14 31 22
15 12 60
16 47 39
17 7 102
18 78 79
19 87 33
