300 2248 17

200

0 275 33 6
0 273 5 1
0 293 16 6
0 280 13 8
0 29 21 1
0 111 36 9
0 4 26 10
0 208 36 2
0 163 50 1
0 37 33 5
0 194 8 8
1 38 29 10
1 286 49 7
1 260 40 6
1 170 22 3
1 187 4 8
1 73 7 7
1 245 16 8
1 289 33 1
1 235 44 1
1 177 16 3
1 64 40 9
1 293 27 9
2 282 27 7
2 4 37 7
2 19 21 3
2 136 17 1
2 23 22 10
2 114 15 8
3 92 34 5
3 114 5 4
3 121 21 9
3 259 51 8
3 269 51 5
3 286 43 4
3 207 24 4
3 213 8 9
3 225 42 10
4 150 18 10
4 107 15 8
4 57 26 3
4 61 47 6
4 141 36 3
4 109 14 5
4 89 46 6
4 210 4 2
4 294 7 9
4 253 9 9
4 151 28 8
4 243 39 8
5 170 29 10
5 27 10 1
5 124 35 2
5 190 21 10
5 219 16 7
5 207 38 2
5 31 35 10
5 276 38 7
5 71 24 3
5 247 32 1
5 216 43 9
5 232 12 9
5 118 22 10
5 69 10 4
5 286 39 7
5 139 28 5
6 94 12 9
6 199 13 6
6 45 42 8
6 134 21 9
6 110 3 9
6 219 8 7
6 166 41 2
6 127 50 9
6 257 43 5
6 169 29 10
7 81 18 3
7 147 48 5
7 133 7 5
7 270 43 1
7 143 48 10
7 4 50 3
7 190 14 10
7 221 51 5
7 197 42 7
7 99 5 2
7 163 10 7
7 289 21 5
7 114 45 5
7 122 48 6
7 274 4 6
8 65 31 4
8 101 10 1
8 245 31 5
8 58 13 10
8 9 44 3
8 214 41 7
8 38 27 7
8 226 34 1
8 121 36 3
8 55 49 1
8 173 9 5
8 243 16 4
8 216 29 4
8 247 41 6
8 134 48 6
8 211 29 5
8 240 22 3
9 155 43 8
9 158 38 8
9 165 40 10
9 44 23 5
9 35 33 7
9 167 20 2
9 49 51 8
9 104 39 1
10 89 20 7
10 117 6 10
10 144 3 8
10 185 34 6
10 71 28 3
10 190 11 1
10 36 7 5
10 148 2 6
10 58 21 2
10 96 18 9
10 168 17 2
11 37 25 4
11 52 19 5
11 85 31 3
11 120 19 5
11 123 32 1
11 41 40 9
11 198 33 1
11 222 21 5
11 96 37 10
11 115 40 5
11 91 15 1
12 192 51 3
12 9 6 3
12 140 17 3
12 207 51 7
12 176 10 7
12 135 43 6
12 41 8 9
12 5 41 6
12 251 10 1
13 237 25 1
13 3 37 10
13 222 29 5
13 87 50 6
13 149 12 5
13 67 7 10
13 224 33 1
13 232 18 1
13 284 36 7
13 248 41 10
13 79 13 10
13 69 23 9
13 191 18 9
13 246 47 1
13 162 14 10
13 112 32 10
13 78 5 8
14 111 4 1
14 20 21 4
14 297 2 3
14 280 49 9
14 3 14 1
14 257 20 2
14 1 34 6
14 151 46 1
15 18 15 9
15 241 24 1
15 164 15 10
15 270 41 5
15 101 23 8
15 27 45 6
15 240 26 4
15 184 6 9
15 0 47 1
15 292 31 8
15 9 5 7
15 67 22 8
15 216 29 4
15 242 11 9
16 202 19 1
16 260 24 2
16 92 27 4
16 72 17 9
16 153 43 6
16 290 7 3
17 96 23 7
17 95 11 10
17 56 35 9
17 164 16 3
17 4 37 10
17 131 2 8
17 24 14 7
17 97 23 3
17 155 45 1
17 107 29 6
17 40 14 6
18 182 12 4
18 104 6 10
18 93 33 4
18 51 17 4
18 276 29 9
18 166 42 9
18 21 33 10
18 108 10 4
18 188 15 6
18 120 5 10
18 2 22 1
19 204 39 4
19 244 47 2
19 181 38 2
19 86 32 8
19 174 19 9
19 36 35 10
19 41 35 9
19 291 8 2
19 208 34 10
19 144 23 7
19 221 2 8
19 245 23 8
19 138 26 6
19 249 50 8
20 290 14 2
20 25 50 9
20 119 16 6
20 172 18 1
20 71 33 4
20 70 14 4
20 186 31 10
20 166 7 8
20 1 11 9
20 64 45 6
20 66 24 6
20 113 41 6
21 131 12 2
21 102 21 10
21 169 46 4
21 74 39 1
21 244 2 10
21 157 19 1
21 190 8 1
21 161 7 6
21 234 43 2
21 242 49 4
21 56 29 1
21 293 33 3
21 179 8 2
21 194 7 10
21 264 7 3
22 57 27 10
22 215 16 5
22 90 18 3
22 118 25 8
22 286 48 3
22 203 26 7
22 18 7 7
22 145 3 3
22 103 36 4
22 228 43 8
22 216 10 8
22 245 9 4
22 292 31 3
23 230 35 9
23 175 26 2
23 263 12 7
23 11 44 4
23 207 30 4
23 55 26 9
23 70 47 8
23 179 16 2
23 160 32 3
23 234 42 5
23 270 7 5
23 276 51 10
23 200 17 1
23 294 27 4
23 113 36 1
24 147 35 7
24 39 32 2
24 236 3 5
24 31 22 7
24 106 20 10
24 55 35 3
24 186 6 8
24 91 8 8
24 277 27 3
25 23 11 8
25 272 19 2
25 268 47 9
25 117 43 6
25 72 13 2
25 279 18 4
25 79 50 9
25 165 15 7
25 222 2 8
25 42 22 6
25 225 45 6
26 125 32 1
26 261 43 4
26 280 25 10
26 265 26 9
26 242 32 6
26 95 43 6
27 208 17 8
27 228 18 1
27 127 40 10
27 247 44 4
27 158 27 3
28 148 16 6
28 95 48 1
28 29 11 2
28 49 27 7
28 103 50 10
28 68 43 9
28 111 44 5
28 293 39 8
28 87 38 4
28 298 15 5
28 291 27 5
28 10 25 6
28 89 6 5
29 239 17 3
29 248 4 4
29 76 30 2
29 90 42 8
29 264 9 7
29 185 43 3
29 54 17 8
29 177 41 1
30 234 10 8
30 36 42 7
30 56 13 2
30 278 24 2
30 250 46 3
30 25 46 2
30 138 7 6
30 263 22 3
30 248 31 4
31 278 23 1
31 96 10 5
31 193 51 8
31 38 35 3
31 297 46 10
31 76 18 2
32 92 27 1
32 218 39 9
32 66 21 3
32 85 7 3
32 252 21 3
32 62 16 7
32 292 9 7
32 103 2 5
32 38 8 5
32 232 29 6
32 257 33 7
32 33 45 9
32 176 13 1
33 197 3 1
33 261 49 5
33 2 25 10
33 198 47 3
33 162 32 1
33 227 47 8
33 79 10 2
33 25 41 6
33 28 30 5
33 168 18 6
33 183 48 2
34 271 6 3
34 270 23 2
34 126 41 1
34 162 36 10
34 72 8 5
34 299 16 6
34 180 51 1
35 190 26 3
35 53 29 5
35 284 47 6
35 11 11 2
35 127 2 2
35 245 44 10
35 140 50 1
35 168 14 8
35 23 37 1
35 36 46 5
35 38 19 9
35 270 41 6
35 226 40 10
35 228 34 6
35 262 29 3
36 172 21 6
36 283 41 5
36 80 33 2
36 108 33 3
36 260 23 2
36 45 12 6
36 187 41 5
36 241 25 8
37 8 3 5
37 156 11 3
37 245 28 5
37 246 25 2
38 20 41 6
39 28 23 5
39 290 35 7
39 206 47 8
39 125 25 4
39 126 9 5
39 292 10 1
39 122 11 9
39 13 47 3
39 182 7 1
39 235 27 9
39 118 35 10
39 207 33 8
40 182 42 10
40 153 13 8
40 190 40 5
40 136 12 2
40 238 27 8
40 242 23 9
40 214 13 2
40 189 11 7
40 224 44 6
40 75 15 3
40 203 42 9
40 202 19 7
40 5 32 4
40 126 35 4
40 11 5 10
40 175 44 9
41 139 42 1
41 90 32 5
41 72 20 10
41 217 17 10
41 273 8 7
41 96 5 4
42 215 18 9
42 79 45 7
42 147 41 7
42 144 45 2
42 15 15 5
42 68 47 4
42 26 43 6
42 173 40 4
42 81 25 5
42 299 21 9
42 170 46 6
42 230 35 1
42 246 17 5
42 224 28 9
42 3 43 6
42 56 38 2
43 227 46 8
43 26 46 5
43 264 15 1
43 294 25 8
43 206 24 1
43 9 43 7
43 174 4 4
43 228 11 9
43 23 7 6
43 31 48 6
44 265 47 2
44 113 27 6
44 132 12 8
44 5 50 6
44 20 20 7
44 145 35 7
44 71 8 8
44 33 37 5
44 16 35 9
45 72 4 10
45 170 37 3
45 145 47 7
45 68 6 2
45 174 45 3
45 259 29 8
45 293 29 6
46 235 5 4
46 66 17 9
46 294 14 8
46 245 12 5
46 19 11 5
46 230 3 2
46 148 13 10
46 231 34 4
46 0 18 6
46 274 38 3
46 252 10 2
46 223 13 8
47 115 8 7
47 19 27 7
47 168 28 7
47 142 33 8
47 189 20 7
47 48 51 5
47 134 24 9
47 250 32 4
47 230 16 10
47 116 19 10
47 41 14 9
47 123 20 5
47 133 12 5
47 199 28 8
47 149 38 6
47 266 39 4
47 222 3 10
48 83 24 2
48 139 21 6
48 56 20 8
48 34 30 9
48 104 39 5
49 4 27 1
49 125 22 3
49 108 15 2
49 27 36 4
49 55 42 3
49 31 30 4
50 223 43 1
50 114 39 3
50 36 5 2
50 167 51 2
50 31 21 5
50 280 8 5
50 87 36 2
50 11 22 6
50 42 26 10
50 92 30 10
50 251 29 4
50 111 16 2
50 177 28 9
51 229 28 4
51 10 30 6
51 222 43 7
51 100 6 5
51 99 49 9
51 35 39 5
51 299 47 10
52 66 45 1
52 30 7 7
52 120 50 2
52 138 17 10
52 266 39 3
52 83 11 10
52 217 47 3
52 69 34 6
52 41 35 1
52 61 14 5
52 15 17 7
53 94 47 1
53 79 18 5
53 115 41 8
53 125 19 5
53 234 23 8
53 235 40 9
53 40 29 9
53 280 32 8
53 275 17 6
54 63 23 3
54 164 22 9
54 264 31 5
54 169 33 10
54 1 8 7
54 9 20 5
54 65 9 2
54 174 45 6
54 245 25 8
54 283 3 10
55 192 47 9
55 213 24 2
55 41 12 10
55 247 17 9
55 232 48 2
55 139 2 8
55 200 9 2
55 255 13 6
55 281 3 9
55 119 22 1
55 88 19 3
55 96 33 8
55 153 43 4
56 205 3 3
56 288 42 5
56 27 44 6
56 225 11 10
56 141 15 1
56 13 41 8
56 19 20 3
56 271 6 2
56 107 25 3
56 195 3 10
56 176 7 8
57 218 29 7
57 29 18 9
57 8 49 6
57 168 50 1
57 180 41 9
57 234 23 5
57 145 35 7
57 152 46 4
57 193 43 7
57 83 7 6
57 278 9 4
57 33 15 2
58 195 27 9
58 284 26 2
58 191 4 9
58 91 14 10
58 237 44 9
58 216 28 4
58 12 24 10
58 25 20 10
58 29 18 8
58 85 18 8
58 122 38 10
58 36 48 3
58 75 22 3
58 6 32 9
59 291 46 6
59 191 50 5
59 134 24 7
59 280 51 9
59 201 9 5
59 243 5 8
59 150 28 7
59 140 21 9
59 207 20 4
59 68 33 8
59 271 34 4
59 116 40 1
59 52 33 8
59 288 10 6
59 282 21 1
59 164 8 2
60 12 17 10
60 221 15 5
60 146 10 2
60 179 34 2
60 110 21 3
60 73 50 6
60 217 50 2
61 167 44 1
61 263 10 4
61 129 45 10
61 237 4 1
61 178 40 10
61 248 45 4
61 240 50 2
61 174 22 8
61 162 2 6
61 11 51 5
62 143 7 4
62 175 36 5
62 252 12 1
62 239 43 10
62 77 21 5
62 128 11 7
62 190 45 8
62 178 44 4
63 237 45 4
63 241 15 9
63 4 5 7
63 109 27 8
63 264 18 9
63 196 4 6
63 286 45 1
63 67 33 10
64 289 24 1
64 174 22 9
64 150 45 1
64 2 14 6
64 249 40 9
64 179 36 9
65 150 47 6
65 96 8 6
65 213 12 1
65 46 10 4
65 210 19 9
65 246 24 7
65 126 47 2
65 243 19 6
65 284 34 10
66 4 4 10
66 169 51 2
66 266 13 9
66 179 19 10
66 158 16 5
66 14 27 8
66 148 9 8
66 213 3 9
66 13 20 7
66 1 6 3
66 44 15 2
66 123 40 7
67 134 35 4
67 54 22 6
67 234 3 4
67 50 29 3
67 231 10 4
67 290 9 4
67 94 45 5
67 198 37 9
67 212 18 8
68 19 33 7
68 188 37 9
68 216 49 6
69 274 43 8
69 262 50 3
69 275 4 4
69 205 48 10
69 276 33 9
69 293 30 1
69 178 26 5
69 142 48 3
69 70 15 8
69 186 17 5
69 75 32 10
69 266 43 6
69 273 50 4
69 34 44 8
70 89 10 5
70 79 44 8
70 160 33 3
70 122 45 4
70 86 17 3
70 275 5 2
70 201 20 5
70 101 48 6
70 276 22 8
70 55 18 6
70 45 39 9
70 258 41 1
70 22 28 4
71 227 44 4
71 126 49 3
71 140 9 8
72 196 35 10
72 18 19 7
72 112 11 4
73 41 43 1
73 285 23 3
73 155 39 10
73 21 48 8
73 153 41 7
73 169 36 3
73 156 18 8
73 244 10 2
73 90 22 8
73 205 35 2
73 34 18 9
73 171 6 8
73 269 5 4
74 205 31 8
74 34 21 6
74 154 31 6
74 78 13 5
74 208 14 9
75 205 25 2
75 21 21 5
75 230 19 8
76 187 7 10
76 5 8 4
76 50 2 10
76 79 15 5
76 168 23 2
76 273 21 7
76 173 13 6
76 35 8 9
76 101 18 2
76 189 20 9
77 270 28 1
77 26 33 1
77 35 35 4
77 121 21 9
77 3 26 7
77 242 40 7
77 173 2 8
77 32 49 2
77 80 30 1
77 151 44 9
77 120 23 9
77 72 45 1
78 284 21 2
78 40 46 2
78 87 5 3
78 299 22 1
79 161 44 6
79 78 4 10
79 62 31 8
80 163 16 7
80 173 16 1
80 112 7 3
80 156 10 1
80 259 6 2
80 94 16 10
80 221 33 6
80 85 51 1
80 217 14 7
80 139 30 7
81 228 25 1
81 258 32 4
81 50 30 5
81 155 42 3
81 257 4 1
81 133 43 1
81 62 33 4
81 285 5 3
81 116 28 10
81 277 24 4
81 98 21 8
81 278 13 2
81 17 27 6
82 275 38 7
82 291 42 10
82 207 50 7
82 36 2 7
82 29 19 4
82 172 41 7
82 163 13 2
82 189 22 6
82 59 37 6
82 280 42 7
82 155 51 3
82 106 41 7
82 17 3 4
82 113 9 6
83 49 38 9
83 289 44 4
83 128 34 1
83 78 40 5
83 293 19 2
83 147 11 4
83 181 38 1
84 160 17 7
84 201 12 9
84 31 44 7
84 264 3 9
84 7 24 9
84 269 39 10
84 79 21 8
84 118 24 6
84 0 10 1
85 90 41 1
85 223 47 1
86 139 43 6
86 252 38 6
86 97 15 10
86 144 39 8
86 109 20 1
86 95 21 5
86 76 5 3
86 273 14 4
86 142 34 6
86 285 44 9
86 131 8 9
86 184 38 9
86 248 11 4
86 287 48 9
87 79 14 8
87 22 35 1
87 84 51 6
87 282 17 2
87 102 51 9
87 154 43 4
87 131 41 3
88 234 46 4
88 27 19 6
88 167 30 8
88 293 35 1
88 46 27 4
88 194 33 8
88 258 30 5
88 19 9 8
88 295 16 10
88 45 20 7
88 162 27 4
88 265 24 9
88 205 29 6
88 104 31 9
88 113 3 3
88 172 30 10
89 243 50 9
89 41 50 1
89 114 28 10
89 218 23 9
89 212 13 2
89 187 13 9
89 181 6 7
89 2 42 5
89 140 37 1
89 258 31 1
89 166 9 6
89 210 39 4
89 167 5 4
90 229 9 6
90 254 44 10
90 173 8 8
90 18 28 3
90 175 44 1
90 278 16 6
90 269 16 3
90 68 23 4
90 50 17 8
91 200 47 5
91 1 40 4
91 18 13 10
91 247 37 2
91 167 7 5
91 56 24 2
91 202 46 7
91 236 11 5
91 243 50 10
91 187 18 10
92 54 16 5
92 129 24 3
92 134 40 5
93 179 35 6
93 215 11 6
93 207 22 4
93 280 10 1
93 269 31 1
93 163 10 2
93 290 35 6
93 250 6 9
93 67 40 8
93 261 16 6
93 288 37 5
93 74 4 9
93 203 38 9
93 141 42 7
94 124 16 8
94 160 2 7
94 239 10 1
94 95 14 10
94 255 22 3
94 285 9 7
94 73 20 1
94 253 5 8
94 229 30 4
94 3 15 6
95 255 50 5
95 2 6 3
95 60 20 2
95 20 17 6
95 186 49 5
95 41 48 9
95 22 33 3
96 140 13 10
96 51 43 8
96 88 38 10
96 141 42 6
96 56 48 3
96 22 28 4
96 132 51 9
96 93 40 7
96 67 49 3
96 24 3 8
97 214 8 3
97 154 42 6
97 219 5 1
97 213 18 8
97 94 26 8
97 200 43 3
97 53 25 9
97 161 20 4
97 288 39 1
97 78 14 8
97 189 46 2
98 109 4 2
98 53 20 9
98 270 32 10
98 220 51 1
98 72 22 4
98 241 51 9
98 200 32 10
99 176 27 2
99 28 26 1
99 67 23 9
99 221 43 6
99 36 42 1
99 47 40 4
99 218 43 3
99 232 13 5
100 56 46 5
100 41 5 9
100 24 23 7
100 171 29 6
100 177 30 8
100 241 27 4
100 77 23 8
100 262 45 8
100 184 12 7
100 289 14 10
100 90 49 6
100 278 11 6
100 91 28 5
100 70 31 9
100 60 12 1
101 175 18 4
101 280 46 8
102 256 49 1
102 58 22 8
102 207 3 1
102 229 25 10
102 180 47 6
102 215 48 3
102 292 16 6
102 257 46 7
102 71 16 1
102 109 15 2
103 143 33 9
103 59 30 6
103 38 18 6
103 282 23 2
103 77 38 10
103 29 7 6
103 254 47 2
104 183 50 2
104 93 23 8
104 196 5 8
104 133 25 6
104 236 37 4
104 139 12 1
104 176 23 2
104 167 31 2
104 195 42 7
104 184 44 2
104 74 21 1
105 261 38 10
105 112 19 9
105 129 22 3
105 296 48 10
105 289 27 9
105 208 45 1
105 164 13 8
105 108 20 7
105 18 9 10
105 200 5 1
105 168 24 5
105 133 50 3
105 94 14 8
105 239 27 2
105 7 15 9
106 209 36 2
106 117 51 1
106 18 37 5
106 198 8 7
106 77 29 8
106 49 45 4
106 78 42 9
107 293 51 10
107 275 29 3
107 259 8 9
108 181 40 5
108 288 9 6
108 195 28 9
108 99 45 10
108 1 51 9
108 10 13 8
108 34 16 2
108 210 38 6
108 280 48 1
108 292 38 3
108 173 39 9
109 224 7 1
109 278 45 9
109 118 21 4
109 137 9 5
109 17 13 8
109 131 10 8
109 14 38 10
110 260 2 4
110 104 21 4
110 30 20 5
110 293 4 2
110 107 50 1
111 249 28 5
111 256 8 7
111 67 5 3
111 102 12 3
111 266 25 5
111 240 45 2
111 178 51 8
111 108 8 8
111 62 25 1
111 177 4 7
112 82 48 5
112 47 33 9
112 58 21 6
112 213 12 1
112 159 28 6
112 60 34 8
112 292 31 10
112 70 12 6
112 267 21 1
113 210 33 1
113 253 20 4
113 35 10 4
113 235 50 6
114 282 39 9
114 32 9 5
114 151 26 9
114 90 12 1
114 52 37 2
114 67 51 10
114 17 22 4
114 237 8 10
114 137 35 10
114 88 24 1
114 128 2 3
115 127 33 7
115 5 8 10
115 263 20 3
115 46 24 2
115 255 35 2
115 120 19 4
115 123 24 9
115 271 15 8
115 294 6 3
115 148 7 3
115 2 30 7
115 3 31 9
116 168 49 6
116 271 35 7
116 51 44 9
116 135 27 2
116 205 40 5
116 35 32 7
116 5 33 6
116 137 19 9
116 195 13 4
117 93 29 1
117 277 19 2
117 119 40 5
117 94 5 8
117 191 35 4
117 62 50 3
117 204 8 7
117 269 36 9
117 110 44 9
117 151 5 9
118 243 12 7
118 146 27 5
118 151 28 10
118 34 10 6
118 121 22 1
119 118 6 6
119 137 4 4
119 106 10 6
119 39 10 4
119 80 34 2
119 233 42 5
120 182 10 3
121 294 32 3
121 163 38 9
121 40 49 1
121 185 9 3
121 24 38 7
121 210 10 9
121 240 32 9
121 154 9 4
122 177 24 10
122 133 15 7
122 200 12 3
122 68 22 3
122 88 47 10
123 22 21 7
123 240 10 7
123 71 45 5
123 41 48 8
123 3 18 8
124 160 50 4
124 209 32 1
124 22 38 7
124 236 33 8
124 129 27 6
124 78 6 6
124 260 43 5
124 185 39 6
125 294 3 5
125 36 7 2
125 207 10 8
125 231 19 6
125 78 4 2
126 98 28 4
126 214 38 9
126 32 30 10
126 55 40 9
126 24 45 1
126 186 17 5
126 64 19 1
126 237 23 5
126 148 30 4
127 176 43 1
127 75 10 7
127 249 40 10
127 232 20 3
127 97 51 6
127 188 44 7
127 139 18 3
128 103 45 1
128 168 31 9
128 284 6 7
128 265 34 8
128 65 5 6
128 235 29 2
128 156 39 8
128 110 48 2
128 2 2 6
128 241 38 8
128 113 7 1
128 95 32 10
129 282 35 1
129 130 41 2
129 198 46 7
129 77 22 4
129 144 8 9
129 73 11 9
129 160 13 2
129 67 18 2
129 19 12 6
129 164 39 6
129 56 3 7
129 66 19 7
130 65 25 3
130 120 10 1
130 102 29 4
130 96 36 1
130 285 29 6
130 291 10 2
130 44 32 10
130 206 4 5
130 21 3 1
130 290 29 10
130 18 35 7
130 122 12 1
131 44 21 8
131 83 10 3
131 41 3 8
131 106 28 8
131 130 21 6
132 184 41 3
132 275 41 4
132 203 22 3
132 242 13 4
133 50 44 6
134 115 37 10
134 151 31 1
134 212 29 2
134 13 51 10
134 257 48 5
134 24 43 8
134 62 34 1
134 88 20 2
134 116 7 9
134 158 20 6
135 16 23 1
135 120 50 1
135 30 26 4
135 10 37 3
135 83 38 10
135 96 8 10
135 113 43 7
135 174 23 1
135 188 36 10
136 222 50 1
136 93 27 5
136 124 14 5
136 1 5 1
137 258 5 8
137 37 42 4
137 274 37 5
137 247 9 2
137 222 14 4
137 59 46 2
137 149 6 6
137 62 8 1
137 131 22 8
137 96 24 8
138 154 23 8
138 155 28 1
138 165 31 6
138 194 2 8
138 277 21 6
138 182 14 6
138 35 44 8
138 191 36 1
138 120 29 1
140 64 30 3
140 233 19 1
140 296 4 10
141 200 27 1
141 135 39 6
141 3 9 2
141 40 45 6
141 277 15 1
141 220 46 3
141 76 7 8
141 155 15 5
141 9 46 7
141 171 22 4
141 271 5 4
141 290 8 9
141 91 3 5
142 137 4 6
142 83 43 7
142 163 8 2
142 90 13 4
142 233 19 1
142 32 23 10
143 71 48 8
143 90 2 2
143 255 28 2
143 112 28 10
143 276 45 5
143 10 18 2
143 206 30 3
143 28 37 9
143 43 16 9
143 221 37 1
143 84 36 4
143 154 18 4
144 166 16 5
144 76 23 8
144 193 15 4
144 202 43 6
144 55 37 1
144 28 42 7
144 295 17 7
144 159 31 10
145 134 15 4
145 182 43 3
145 114 37 8
145 38 2 3
145 102 31 8
146 33 47 8
146 298 10 1
146 220 34 1
146 78 42 6
146 1 40 7
146 3 43 8
146 120 38 3
146 102 34 9
146 238 32 4
146 56 18 9
146 42 13 4
147 25 34 5
147 231 38 6
147 107 15 3
147 291 15 5
147 248 40 1
147 247 30 2
147 234 19 4
148 101 45 5
148 298 17 4
148 142 49 3
148 222 15 8
148 60 6 1
148 11 18 4
148 32 49 6
148 81 42 2
148 102 25 6
148 113 28 6
149 191 27 6
149 164 13 4
149 56 4 4
149 288 5 2
149 133 21 8
150 85 36 9
150 182 17 10
150 146 33 6
150 26 44 8
150 299 14 6
150 156 32 5
150 203 9 5
150 214 18 6
151 142 31 1
151 228 49 8
151 248 22 9
151 153 36 5
151 74 34 7
151 84 14 1
152 67 19 8
152 60 40 8
152 17 33 8
152 230 10 4
152 242 49 9
152 130 18 7
152 275 42 2
152 145 21 6
152 193 51 10
152 127 22 8
152 15 41 4
152 143 41 4
152 119 23 4
152 278 22 3
152 20 27 5
152 14 41 1
153 67 4 1
153 173 17 3
153 24 23 10
154 34 10 2
154 192 50 9
154 226 20 6
154 78 20 2
154 184 26 5
154 214 49 1
154 31 6 3
154 139 34 4
154 251 36 7
156 98 29 7
156 45 50 6
156 207 29 8
156 202 30 2
156 43 51 7
156 7 2 2
156 40 39 2
156 107 15 5
156 164 24 5
156 295 43 10
157 165 17 7
157 29 32 7
157 247 51 3
157 269 49 6
157 25 10 2
157 112 40 3
157 293 19 4
157 125 9 8
157 74 5 5
157 22 27 7
157 270 25 4
157 129 30 8
157 256 34 7
157 144 12 9
157 211 10 8
157 288 24 3
158 5 45 4
158 152 48 3
158 156 46 6
158 293 35 6
158 217 26 4
158 133 10 3
158 29 8 7
158 219 48 5
159 250 46 5
159 244 2 7
159 197 7 5
159 173 2 7
159 249 16 9
159 161 32 9
159 60 8 9
159 63 34 1
159 2 6 5
159 203 19 7
159 44 36 7
159 62 24 6
159 118 40 3
159 136 44 2
160 152 19 10
160 193 16 6
160 188 17 1
160 273 2 6
160 181 3 8
160 230 50 10
160 103 31 10
160 145 50 7
161 210 8 5
161 233 44 9
161 80 2 4
161 289 44 10
161 248 17 10
161 268 9 10
161 215 51 2
161 221 4 7
161 52 50 7
162 29 31 5
162 49 24 7
163 130 18 4
163 266 7 9
163 138 22 8
163 54 35 6
163 106 29 9
163 200 10 8
163 161 46 6
163 202 32 3
163 218 23 3
163 84 9 6
165 282 36 1
165 42 45 9
165 237 50 3
165 68 38 4
166 76 10 8
166 292 14 8
166 139 27 8
166 240 49 10
166 242 33 1
166 46 40 3
166 132 19 10
166 100 30 7
166 249 26 5
166 156 19 1
167 296 26 9
167 168 30 6
167 34 51 4
168 270 50 6
168 6 32 2
168 41 42 9
168 143 45 2
168 55 32 3
169 199 8 5
170 205 48 5
170 249 19 6
171 59 18 9
171 264 9 7
171 253 18 3
171 77 39 2
171 43 5 7
171 102 10 2
172 137 13 1
172 193 51 4
172 144 43 9
172 23 16 4
172 14 48 8
172 81 34 10
172 270 40 5
172 45 9 5
172 168 50 10
173 166 17 4
173 5 5 6
174 293 21 6
175 93 11 4
175 83 3 6
175 139 18 5
175 100 25 7
175 108 26 5
175 74 4 9
175 113 12 1
175 250 36 2
175 146 26 2
175 282 41 1
175 194 11 8
175 173 26 7
176 26 30 6
176 81 26 1
176 13 37 10
177 157 4 3
177 269 22 1
177 298 24 3
177 0 5 8
177 247 24 3
177 17 44 7
177 250 21 6
178 264 36 9
178 95 7 7
178 124 9 1
178 170 17 1
178 152 12 7
178 231 44 1
178 87 4 8
178 78 15 1
178 104 51 2
178 165 23 8
178 157 2 6
178 147 17 1
179 126 9 1
179 70 21 4
180 153 12 7
180 106 29 10
180 194 35 6
180 279 16 3
181 243 34 7
182 134 41 7
182 73 20 7
183 41 5 1
183 95 7 5
183 88 22 1
183 288 27 7
183 72 15 9
183 73 38 4
183 293 32 3
183 177 23 8
183 162 32 10
183 38 50 2
183 270 48 8
184 119 29 6
184 170 28 3
184 2 2 10
184 289 48 5
184 73 4 10
184 223 17 3
184 94 20 7
185 254 11 1
185 72 13 7
185 256 46 3
186 42 25 7
186 55 35 8
186 291 30 2
186 221 10 7
186 147 48 7
186 30 3 3
187 236 6 2
187 204 32 6
187 182 31 6
187 188 8 9
187 140 34 8
187 18 40 6
187 15 25 4
187 63 47 10
187 93 26 5
187 112 7 5
187 69 9 9
188 225 12 7
189 95 30 10
189 172 5 2
189 127 41 8
189 89 37 1
189 264 6 7
189 111 9 8
189 18 7 3
189 122 36 4
189 114 48 1
189 36 6 2
189 51 30 6
190 165 23 9
190 121 23 2
190 20 25 6
190 186 38 5
190 158 39 4
191 183 49 2
191 181 43 1
191 209 37 5
192 188 22 7
192 126 50 10
192 60 28 8
192 85 31 7
192 136 4 9
192 220 50 9
192 170 49 6
192 216 36 10
192 86 7 4
193 159 7 3
193 226 40 2
193 170 42 3
193 284 24 8
193 189 49 2
193 16 44 4
193 136 28 7
193 228 29 7
194 254 43 9
194 205 13 3
194 40 8 2
194 265 26 6
194 249 43 8
194 41 34 10
195 205 14 9
195 136 50 9
195 47 31 1
195 271 7 3
195 256 39 3
195 52 31 10
195 246 50 10
195 2 19 6
196 260 12 1
196 126 32 9
196 273 23 3
196 284 38 6
196 39 21 6
196 113 28 7
196 228 17 6
196 5 46 8
196 192 23 7
196 24 34 6
196 123 50 4
197 176 7 8
197 75 2 3
197 194 18 5
198 290 34 1
199 269 22 9
199 200 35 7
199 163 45 8
199 60 18 1
199 70 29 4
200 110 29 3
200 220 21 7
200 142 7 5
201 204 16 5
201 89 51 4
201 63 7 3
201 126 51 2
201 278 32 8
201 35 30 4
201 55 43 1
201 83 4 7
201 86 30 10
201 228 10 3
201 88 20 5
201 101 27 9
201 4 40 6
201 113 15 1
202 205 40 9
202 135 29 3
202 184 41 6
203 198 17 9
203 114 11 1
203 108 4 5
203 59 12 3
203 180 12 7
203 222 35 7
204 16 40 5
204 236 20 6
204 27 34 3
204 230 13 5
204 29 3 4
204 278 8 7
204 41 23 3
204 217 38 10
204 269 6 6
204 33 36 8
204 271 44 4
206 294 18 8
206 3 6 1
206 227 16 10
206 203 24 6
206 208 51 9
206 258 22 10
206 79 49 8
206 274 46 4
206 248 27 4
206 235 33 2
206 140 12 9
206 166 48 2
208 123 28 4
208 68 32 8
208 127 12 6
208 248 30 4
208 41 39 3
208 35 29 10
208 271 25 8
208 266 5 1
208 31 48 2
208 285 2 7
209 96 38 3
209 9 9 2
209 195 24 3
209 109 15 2
209 114 43 10
209 97 11 6
211 6 2 1
211 246 24 8
211 140 33 7
211 270 37 6
211 152 21 10
211 143 13 4
211 221 16 5
211 289 11 7
211 229 14 4
211 296 36 8
211 7 14 5
211 31 8 7
211 82 27 10
211 1 27 9
211 284 40 2
212 292 5 1
212 138 51 10
212 227 19 7
212 223 35 5
212 77 7 5
212 60 25 4
212 106 36 8
212 272 19 10
212 271 12 6
213 173 51 3
213 127 23 7
213 227 21 9
215 131 29 9
215 69 42 7
215 155 7 4
216 155 44 10
216 85 24 9
216 293 24 1
216 92 17 4
216 10 50 1
216 38 39 5
216 233 33 2
216 260 20 4
216 98 20 5
216 208 30 3
217 29 10 4
217 24 49 9
218 146 3 3
218 21 10 5
218 245 48 1
218 290 2 4
218 56 3 7
218 125 36 10
218 7 30 9
218 64 30 9
218 48 38 1
218 183 39 10
218 162 51 6
218 282 17 10
219 51 8 10
219 62 7 2
219 113 12 4
219 255 22 4
220 132 6 1
220 30 37 1
220 92 23 8
220 62 39 9
220 212 5 2
221 91 13 5
221 278 35 5
221 115 39 5
221 3 28 7
221 64 32 7
221 122 3 7
223 108 14 1
223 239 9 8
223 264 41 3
223 196 44 7
223 20 47 9
223 259 41 1
223 240 23 4
223 43 49 3
224 63 10 6
224 92 30 10
224 129 40 2
224 226 50 8
224 178 36 3
224 38 37 9
224 241 40 3
224 98 21 2
224 139 6 8
224 268 25 2
224 96 13 2
225 242 30 9
225 197 33 3
225 91 8 3
225 276 17 10
225 4 47 7
225 251 20 4
225 30 39 1
225 204 30 9
226 43 49 8
226 261 2 9
226 24 22 3
226 87 5 1
226 121 45 3
226 68 27 9
226 188 11 3
227 116 20 9
227 222 37 7
229 28 42 5
229 121 30 4
229 40 19 2
230 118 36 9
230 211 13 8
230 108 13 4
230 3 30 6
230 273 10 3
230 235 26 9
230 150 27 5
230 60 15 3
231 132 39 10
232 152 16 8
232 180 20 5
232 78 20 6
232 146 13 5
232 288 51 9
232 163 13 7
232 115 32 9
233 266 26 7
233 262 10 1
233 150 3 8
233 210 51 3
233 236 47 1
234 269 14 9
234 179 16 2
234 84 15 7
235 97 45 8
235 57 7 10
235 29 16 6
236 153 32 8
236 201 37 10
236 65 48 6
238 13 25 7
238 99 40 5
238 214 48 7
238 262 9 10
238 179 22 8
238 53 18 8
238 209 13 8
238 32 12 2
238 151 10 2
238 292 28 3
238 246 22 1
238 175 21 8
238 135 9 4
238 265 27 2
239 23 30 6
239 77 16 4
239 243 15 1
239 95 2 5
239 115 5 4
239 287 30 5
239 260 37 3
239 45 2 10
239 254 21 4
239 292 12 7
239 218 47 2
239 279 11 7
240 262 28 1
240 226 28 4
241 7 4 4
241 255 2 2
241 193 19 6
241 152 22 10
242 67 37 4
242 58 2 1
242 5 12 6
242 228 17 2
242 212 21 2
242 27 9 9
244 176 45 8
244 79 33 7
244 131 11 10
244 105 28 3
244 292 29 2
244 190 22 4
244 97 10 1
244 2 38 6
244 108 31 4
244 12 42 4
244 297 43 2
244 52 24 10
244 231 27 2
245 72 47 10
245 13 14 2
245 168 49 7
245 283 14 9
245 288 16 9
245 103 42 10
245 49 15 9
246 208 32 5
246 261 25 4
246 116 46 9
246 167 8 2
246 31 11 8
246 159 45 10
247 280 23 8
247 245 20 1
247 225 47 2
247 123 12 10
249 154 51 1
249 253 13 5
249 153 21 10
249 138 7 3
249 59 49 1
249 51 39 4
250 274 46 7
250 83 45 5
250 45 35 7
250 254 49 5
250 51 46 4
250 23 3 3
251 249 41 7
251 274 28 6
251 124 37 1
252 194 38 4
252 33 26 8
252 22 22 6
252 226 37 2
252 7 23 8
252 297 5 7
252 121 35 6
252 235 28 5
252 8 12 5
252 154 26 9
253 265 11 4
253 231 8 9
253 149 11 10
253 188 19 5
253 283 35 6
253 185 28 10
253 29 18 2
253 228 7 9
253 175 13 1
253 115 40 9
253 135 20 1
253 67 22 2
254 65 34 1
254 51 43 4
254 112 30 1
254 130 14 3
254 228 42 3
254 219 22 9
254 96 21 7
254 143 50 5
255 87 30 4
255 170 29 6
255 298 3 1
255 101 27 8
255 203 41 3
255 136 9 1
256 156 47 1
256 77 40 2
257 121 35 3
257 210 10 8
257 109 6 6
258 220 49 4
258 178 2 1
258 100 11 5
258 40 2 4
259 43 22 1
259 48 26 3
259 179 45 5
259 51 4 4
259 212 22 7
259 175 31 3
259 234 25 6
259 110 32 3
259 168 46 8
259 136 8 3
260 201 12 4
260 157 33 7
260 187 28 9
261 133 24 7
261 203 29 9
261 186 42 10
261 24 18 3
261 174 47 7
261 216 25 6
261 89 6 5
261 161 39 1
261 168 36 2
261 79 5 1
261 142 41 2
262 42 12 5
262 137 10 3
262 241 16 3
262 199 26 4
262 72 18 3
262 17 12 8
262 217 48 9
262 264 42 3
262 10 50 8
262 236 30 3
262 284 16 1
263 117 33 1
263 217 6 9
263 59 44 9
263 222 40 5
263 86 23 2
263 249 32 1
263 168 40 1
263 164 51 7
263 41 13 6
263 155 42 4
263 149 38 5
266 132 47 7
266 294 40 6
266 73 3 8
266 44 49 10
267 285 40 6
267 203 7 4
267 251 5 7
267 297 35 4
267 31 33 1
267 111 49 4
267 45 22 7
267 135 42 4
267 229 2 10
267 17 46 10
268 47 38 7
268 190 12 6
268 299 16 3
268 242 21 2
268 22 48 2
268 169 8 5
268 128 31 10
268 44 37 6
268 191 50 3
268 246 13 10
269 110 44 5
269 112 43 1
269 264 48 10
269 135 30 5
269 284 28 9
270 284 46 1
270 233 33 3
271 3 14 7
271 233 19 4
271 60 50 4
272 262 43 7
272 253 33 1
272 181 35 5
272 286 31 10
272 166 45 1
272 250 51 6
273 26 33 3
273 140 19 1
273 55 35 2
273 115 21 5
273 85 46 10
273 159 29 9
273 209 11 7
273 44 18 9
274 17 11 10
274 132 34 8
274 287 25 3
274 173 23 1
274 272 3 9
274 160 46 9
274 136 24 8
276 111 34 8
276 261 17 1
276 188 49 3
276 90 16 6
276 209 13 3
276 204 16 10
276 58 42 1
276 119 23 2
277 293 22 7
277 290 9 7
277 256 50 9
277 223 6 6
277 3 44 9
277 213 45 5
277 165 39 10
277 161 31 6
278 64 9 10
279 167 25 5
279 123 31 10
279 192 43 1
279 290 33 10
279 133 26 10
279 93 47 7
279 92 20 7
279 57 42 8
279 48 41 7
281 295 40 9
281 64 10 2
281 98 5 10
281 255 50 10
281 167 12 10
281 147 28 5
281 137 2 2
281 277 17 6
281 10 4 2
281 237 13 8
282 155 3 4
283 131 16 10
283 47 49 1
283 155 44 8
283 101 2 6
283 179 15 9
283 28 38 3
283 257 26 3
283 267 2 3
283 81 35 8
283 266 34 9
285 50 46 1
285 134 48 9
285 43 49 8
285 105 41 10
285 203 37 10
285 20 4 9
285 59 45 10
285 245 26 2
286 138 12 8
286 172 20 1
286 98 18 1
286 59 29 4
286 189 49 1
286 18 51 3
286 79 10 8
286 255 16 8
286 196 3 2
287 219 16 8
287 28 19 7
287 123 26 1
287 297 21 7
287 213 45 9
287 229 45 2
287 127 15 10
287 214 31 7
287 154 8 6
287 224 20 4
288 180 49 2
288 173 29 3
288 75 13 3
288 110 44 8
288 192 2 10
289 247 19 10
289 57 20 10
289 190 2 10
289 225 4 4
289 295 23 4
289 135 7 2
289 106 30 10
289 115 2 4
290 166 40 10
290 258 32 9
290 183 37 8
290 21 9 9
290 22 35 1
290 252 25 10
291 174 43 10
292 62 28 9
292 235 45 8
294 269 38 7
294 194 23 3
294 126 36 2
294 74 20 9
294 138 35 5
294 187 12 9
294 254 19 5
295 175 14 5
295 68 47 4
295 140 42 5
295 262 29 2
296 108 29 10
296 74 43 9
296 190 33 4
296 297 17 2
296 126 33 1
296 215 17 2
298 289 7 4
298 81 6 2
298 98 42 5
298 287 12 10
298 293 4 5
299 196 30 3
299 145 45 5
299 146 2 2
299 149 41 7
299 284 9 3
299 69 36 2
299 290 9 5
299 122 6 10
299 48 41 7

0 154 146
1 135 189
2 50 130
3 119 28
4 163 83
5 241 20
6 216 32
7 254 202
8 219 38
9 76 131
10 73 35
11 51 219
12 111 74
13 18 218
14 69 244
15 166 178
16 164 1
